statefip,state_abb,Legal noncitizen,Native-born,Naturalized citizen,Undocumented,total_pop
1,AL,52862,4905611,81987,72475.67531271835,5112935.675312718
2,AK,11883,679916,34449,7708.01997665422,733956.0199766542
4,AZ,289465,6447124,481667,225813.73151455924,7444069.731514559
5,AR,41750,2906737,59356,62753.178914677665,3070596.178914678
6,CA,2779478,28334311,5828558,2132255.3338020067,39074602.33380201
8,CO,158341,5314486,268061,144345.30976458857,5885233.309764588
9,CT,147611,3029651,322165,126150.9892521378,3625577.989252138
10,DE,30101,912967,59602,31204.471324993716,1033874.4713249938
11,DC,30675,585204,47145,17124.55140836865,680148.5514083686
12,FL,1130234,17622495,2827736,1112545.6568947386,22693010.65689474
13,GA,277058,9751022,622750,401323.26706200046,11052153.267062001
15,HI,63295,1176539,166043,31170.643360248898,1437047.643360249
16,ID,30193,1851969,55995,28097.92641395353,1966254.9264139535
17,IL,426865,10669220,991666,489762.3723738204,12577513.372373821
18,IN,140136,6435658,175374,118743.05577632236,6869911.055776322
19,IA,57796,3019750,81184,51577.749114601254,3210307.7491146014
20,KS,55723,2730872,90696,66605.63401506406,2943896.634015064
21,KY,62899,4323214,92702,50773.93341135525,4529588.933411355
22,LA,56170,4350781,91327,81741.46092304376,4580019.460923044
23,ME,20860,1339758,27922,7754.301194436354,1396294.3011944364
24,MD,240964,5128090,580504,245839.92879307928,6195397.928793079
25,MA,414905,5730892,678959,190989.13630169007,7015745.13630169
26,MI,203090,9296934,423226,122410.15200651399,10045660.152006514
27,MN,118303,5255548,284125,85495.32574465107,5743471.325744651
28,MS,19439,2865397,25968,30795.525093252472,2941599.5250932523
29,MO,80584,5895083,147149,78540.10306657189,6201356.103066572
30,MT,6204,1107734,15580,3504.265920172041,1133022.265920172
31,NE,44358,1825133,64174,47554.72592397799,1981219.725923978
32,NV,131280,2580458,328664,162353.1449169665,3202755.1449169666
33,NH,24419,1302683,58205,18064.956578236055,1403371.956578236
34,NJ,470109,7044095,1250643,563882.7885961905,9328729.78859619
35,NM,73945,1899435,96247,47142.81779763216,2116769.817797632
36,NY,1191818,15041265,2694175,687601.8845486192,19614859.88454862
37,NC,233736,9832024,439626,350368.0047100182,10855754.004710019
38,ND,8606,756078,13953,5819.868967343434,784456.8689673435
39,OH,152498,11184799,311471,148419.09805346702,11797187.098053467
40,OK,62556,3808322,102500,84967.64988833925,4058345.6498883395
41,OR,86917,3829180,203592,120523.45761805405,4240212.457618054
42,PA,261401,11940464,556827,218798.5542760343,12977490.554276034
44,RI,41055,936015,87030,34155.778412166685,1098255.7784121668
45,SC,75270,5059552,134953,110543.30167781914,5380318.301677819
46,SD,7620,876500,23531,12475.752196197333,920126.7521961973
47,TN,109051,6695186,166199,166656.20170739904,7137092.201707399
48,TX,1421116,25060612,2317403,1810125.3701915902,30609256.37019159
49,UT,71166,3113420,131979,108114.41082580634,3424679.410825806
50,VT,7056,618600,20262,1695.2844882226057,647613.2844882226
51,VA,250291,7562426,655098,264272.7336793938,8732087.733679393
53,WA,334041,6590677,604131,302475.6278808562,7831324.627880856
54,WV,8942,1737086,17372,7106.746613890876,1770506.7466138909
55,WI,92512,5590909,139802,92973.60669621991,5916196.60669622
56,WY,4909,562458,9535,7629.943141769567,584531.9431417696
