statefip,state_abb,Legal noncitizen,Native-born,Naturalized citizen,Undocumented,total_pop
1,AL,54630,4932128,87816,88503.19964830254,5163077.199648303
2,AK,14370,684851,34745,6623.889530116115,740589.8895301161
4,AZ,298041,6564543,484181,250729.66172145688,7597494.661721457
5,AR,45565,2906224,61500,79868.35503490707,3093157.355034907
6,CA,2232804,28536957,5901602,2908214.5056072255,39579577.505607225
8,CO,180153,5325869,297080,164973.84389095052,5968075.84389095
9,CT,133610,3085418,322153,143189.72394158537,3684370.7239415855
10,DE,27178,935910,58626,32541.709192320355,1054255.7091923202
11,DC,36411,594837,46587,26291.936803956858,704126.9368039569
12,FL,1218363,17960302,2954849,1339467.1099052085,23472981.10990521
13,GA,293945,9849979,625664,439475.31964277226,11209063.319642773
15,HI,64467,1179271,166507,38167.867864803346,1448412.8678648034
16,ID,31071,1878881,52729,41293.654314139,2003974.654314139
17,IL,426213,10754516,1016785,543011.5151069601,12740525.51510696
18,IN,163164,6433876,195575,141295.71618791137,6933910.716187911
19,IA,64673,3042453,77335,61131.152164846746,3245592.1521648467
20,KS,58884,2731988,102560,82010.85700133415,2975442.857001334
21,KY,81288,4358211,80968,73480.92240437819,4593947.922404379
22,LA,55252,4357056,95526,97604.54927443307,4605438.549274433
23,ME,20876,1339438,34867,10672.892373214205,1405853.8923732142
24,MD,237724,5191298,589707,260857.82648918565,6279586.826489186
25,MA,449645,5797244,703401,200538.51344858366,7150828.513448584
26,MI,202899,9340435,464166,142937.0063999632,10150437.006399963
27,MN,114795,5269190,304169,112539.40444350116,5800693.4044435015
28,MS,20233,2864623,29955,30461.769141397534,2945272.7691413974
29,MO,76549,5936823,160318,76973.27600418094,6250663.276004181
30,MT,5898,1113690,12892,5196.5837615198,1137676.5837615198
31,NE,50682,1823131,69955,66262.88185013153,2010030.8818501316
32,NV,145842,2620362,340269,169860.77787182847,3276333.7778718285
33,NH,18886,1323637,54509,13091.84130838935,1410123.8413083893
34,NJ,451772,7127942,1330204,633735.4920357596,9543653.49203576
35,NM,74158,1920307,85439,53307.73848476714,2133211.7384847673
36,NY,1218651,15225606,2750148,718725.4761947516,19913130.47619475
37,NC,275616,9947790,461658,385685.43885073566,11070749.438850736
38,ND,20641,754942,12332,9415.719015718072,797330.7190157181
39,OH,157568,11230678,339147,168828.57771340202,11896221.577713402
40,OK,76155,3816456,118988,88759.46736816542,4100358.4673681655
41,OR,98222,3848915,219000,112751.49407715611,4278888.494077156
42,PA,262673,11997231,625633,207987.77200263846,13093524.77200264
44,RI,43454,938310,92652,40869.929792760195,1115285.9297927602
45,SC,82091,5126325,155644,123240.42573437709,5487300.4257343775
46,SD,11962,887596,15070,10764.23626970016,925392.2362697001
47,TN,106075,6761681,188253,184081.40367220453,7240090.403672204
48,TX,1554562,25521304,2412630,1922238.7966738625,31410734.796673864
49,UT,78532,3159949,135103,138853.87185053865,3512437.8718505385
50,VT,5487,620813,18931,3543.430243464562,648774.4302434645
51,VA,270140,7619524,666615,273156.86733272724,8829435.867332727
53,WA,370828,6670130,639287,297108.37956979434,7977353.379569794
54,WV,12377,1733006,17735,7544.160453411989,1770662.160453412
55,WI,97389,5622566,158562,88627.4074721387,5967144.407472138
56,WY,4507,569045,8486,5938.267693574232,587976.2676935742
